1 11 2
1 12 2
2 3 2
2 5 2
2 6 1
2 11 2
2 12 2
2 15 2
2 21 2
3 4 1
3 5 2
3 6 2
3 15 2
3 21 2
4 8 2
4 9 2
4 17 2
5 6 2
5 8 2
5 9 2
6 7 2
6 8 2
7 8 2
7 9 2
8 9 2
9 17 2
10 11 2
10 12 2
10 16 2
10 17 2
10 18 2
10 44 2
11 12 1
11 14 2
11 15 2
12 14 2
13 14 2
14 15 2
14 17 2
15 16 2
15 17 2
15 44 2
16 17 2
16 38 2
17 18 1
19 20 2
19 21 2
19 22 2
19 24 2
20 21 2
20 23 2
20 24 2
21 22 1
21 23 2
22 23 2
23 25 2
26 27 2
26 29 2
26 30 1
26 39 2
26 41 2
26 44 2
26 50 2
27 28 2
27 30 2
27 37 2
27 39 2
27 44 2
27 50 2
28 33 2
28 35 2
28 36 2
28 44 2
28 46 2
29 30 1
29 32 2
29 33 2
29 35 2
30 32 2
30 33 2
30 36 2
31 32 2
31 40 1
31 41 2
32 33 2
32 35 2
33 34 2
33 35 2
34 35 2
34 52 2
35 36 2
35 46 2
37 38 2
37 45 1
37 46 2
37 47 2
38 39 2
38 41 2
38 42 2
38 45 2
38 46 2
38 47 2
39 40 2
39 41 2
39 43 2
39 44 2
40 41 2
41 43 2
42 43 2
43 46 2
44 45 2
44 46 2
45 46 2
45 47 2
46 47 1
48 49 2
48 50 2
48 52 2
49 50 2
49 51 2
49 52 2
50 51 2
51 53 2
